service_id,monday,tuesday,wednesday,thursday,friday,saturday,sunday,start_date,end_date
IDFM:TN:1,0,0,0,1,0,0,0,20230119,20230119
IDFM:TN:10,0,0,0,0,0,1,1,20230121,20230212
IDFM:TN:168,0,1,1,1,1,1,0,20230120,20230216
IDFM:TN:173,0,1,1,1,1,1,0,20230120,20230216
IDFM:TN:174,1,1,1,1,1,1,1,20230120,20230204
IDFM:TN:1000,0,0,0,0,0,1,1,20230128,20230205
IDFM:TN:1008,0,0,0,0,0,0,1,20230129,20230205
IDFM:TN:1009,0,0,0,0,0,1,1,20230211,20230212
IDFM:TN:1041,0,0,0,0,0,0,1,20230212,20230212
IDFM:TN:1086,0,0,0,0,0,0,1,20230122,20230212
IDFM:TN:1102,0,0,0,0,0,1,1,20230121,20230205
IDFM:TN:1130,0,0,0,0,0,1,0,20230121,20230204
IDFM:TN:1134,0,0,0,0,0,0,1,20230122,20230205
IDFM:TN:1225,1,1,1,1,1,0,0,20230120,20230216
IDFM:TN:1262,0,0,0,0,0,0,1,20230129,20230129
IDFM:TN:1396,0,1,1,1,1,1,0,20230120,20230211
IDFM:TN:1492,0,0,0,0,0,0,1,20230122,20230212
IDFM:TN:1596,0,0,0,0,0,0,1,20230122,20230129
IDFM:TN:1689,0,0,0,0,0,1,1,20230204,20230212
IDFM:TN:1710,0,0,0,0,0,0,1,20230205,20230212
IDFM:TN:1834,0,0,0,0,0,1,0,20230204,20230211
IDFM:TN:2679,1,1,1,1,1,0,0,20230206,20230210
IDFM:TN:2680,0,0,1,0,0,0,0,20230208,20230215
IDFM:TN:2848,0,0,1,0,0,0,0,20230208,20230208
IDFM:TN:2943,1,0,0,0,0,0,1,20230122,20230213
IDFM:TN:3048,1,1,1,1,0,0,0,20230206,20230209
IDFM:TN:3049,0,0,0,0,1,0,0,20230210,20230210
IDFM:TN:3054,0,1,1,0,0,0,0,20230207,20230215
IDFM:TN:3056,0,1,1,0,0,0,0,20230207,20230208
IDFM:TN:3059,0,1,0,0,0,0,0,20230207,20230207
IDFM:TN:3067,0,1,0,0,0,0,0,20230214,20230214
IDFM:TN:3070,0,0,1,0,0,0,0,20230215,20230215
IDFM:TN:3231,1,0,0,0,0,0,0,20230206,20230206
IDFM:TN:3232,0,1,1,1,1,0,0,20230207,20230210
IDFM:TN:3504,1,0,0,0,0,0,1,20230122,20230213
IDFM:TN:3505,0,0,0,0,0,0,1,20230122,20230212
IDFM:TN:3749,1,0,0,0,0,0,1,20230122,20230212
IDFM:TN:3776,1,1,1,0,0,0,0,20230206,20230215
IDFM:TN:3801,0,0,0,1,0,0,0,20230216,20230216
IDFM:TN:3864,1,0,0,0,0,0,0,20230123,20230216
IDFM:TN:3943,0,1,1,1,1,0,0,20230131,20230210
IDFM:TN:4224,0,0,0,0,0,1,1,20230128,20230212
IDFM:TN:4458,0,0,0,0,0,1,1,20230128,20230212
IDFM:TN:4907,0,1,0,0,1,0,0,20230131,20230203
IDFM:TN:4959,0,0,0,0,0,0,1,20230128,20230205
IDFM:TN:5347,0,1,0,0,0,0,0,20230131,20230131
IDFM:TN:5389,1,1,1,1,1,0,0,20230123,20230216
IDFM:TN:5795,1,1,1,1,0,0,0,20230123,20230216
IDFM:TN:5865,1,1,1,1,0,0,0,20230123,20230216
IDFM:TN:5972,1,0,1,1,0,0,0,20230123,20230216
IDFM:TN:5976,1,1,1,1,1,0,1,20230202,20230216
IDFM:TN:5977,1,1,1,1,1,0,0,20230202,20230216
IDFM:TN:5979,0,0,0,1,1,0,0,20230202,20230203
IDFM:TN:5983,1,1,1,1,1,0,0,20230202,20230216
IDFM:TN:6214,1,0,0,0,0,0,1,20230122,20230213
IDFM:TN:6290,1,1,1,1,1,0,1,20230206,20230212
IDFM:TN:6419,0,0,0,1,0,0,0,20230126,20230209
IDFM:TN:6420,1,0,0,1,0,0,0,20230127,20230216
IDFM:TN:6498,0,0,0,0,0,0,1,20230122,20230212
IDFM:TN:8609,1,0,0,0,0,0,0,20230130,20230130
IDFM:TN:10024,0,0,1,0,0,0,0,20230118,20230118
IDFM:TN:10033,1,1,1,1,1,0,0,20230120,20230216
IDFM:TN:10062,0,0,0,0,0,0,1,20230122,20230205
IDFM:TN:10098,0,0,0,0,0,1,0,20230121,20230121
IDFM:TN:10146,0,0,0,0,0,0,1,20230205,20230205
IDFM:TN:10151,1,1,1,1,1,1,1,20230120,20230216
IDFM:TN:10155,1,0,0,0,0,0,1,20230122,20230213
IDFM:TN:10177,1,1,1,1,1,1,1,20230121,20230216
IDFM:TN:10187,0,0,0,0,0,1,1,20230128,20230212
IDFM:TN:10188,0,0,0,0,0,1,1,20230128,20230129
IDFM:TN:10192,0,0,0,0,0,1,0,20230128,20230211
IDFM:TN:10281,0,0,0,0,0,1,0,20230128,20230212
IDFM:TN:10290,0,0,0,0,0,1,0,20230211,20230211
IDFM:TN:10330,1,1,1,1,1,0,0,20230130,20230216
IDFM:TN:10494,0,0,0,0,1,0,0,20230120,20230127
IDFM:TN:10505,1,1,1,1,0,0,0,20230213,20230216
IDFM:TN:10529,1,0,0,0,0,0,1,20230122,20230213
IDFM:TN:10691,1,1,1,1,1,0,0,20230120,20230210
IDFM:TN:10703,0,1,1,1,1,1,0,20230131,20230211
IDFM:TN:10714,1,1,1,1,1,0,0,20230130,20230203
IDFM:TN:10717,0,1,1,1,0,0,0,20230214,20230216
IDFM:TN:10824,1,0,0,0,0,0,1,20230122,20230216
IDFM:TN:11369,1,1,1,1,0,0,0,20230130,20230202
IDFM:TN:11390,1,1,1,1,0,1,1,20230121,20230216
IDFM:TN:11393,1,0,0,0,0,0,1,20230122,20230213
IDFM:TN:11787,1,1,1,1,1,0,0,20230120,20230216
IDFM:TN:11823,0,0,0,0,0,1,1,20230121,20230212
IDFM:TN:11949,1,0,0,0,0,0,1,20230129,20230206
IDFM:TN:12046,0,0,0,0,0,0,1,20230122,20230212
IDFM:TN:12790,1,0,0,0,0,0,1,20230122,20230213
IDFM:TN:14018,0,0,0,0,0,1,1,20230204,20230205
IDFM:TN:14029,1,1,1,1,1,0,0,20230124,20230216
IDFM:TN:14243,1,1,1,1,0,0,0,20230124,20230216
IDFM:TN:14347,1,1,1,1,0,0,0,20230123,20230216
IDFM:TN:15386,0,1,1,1,0,0,0,20230124,20230202
IDFM:TN:15388,0,0,0,0,1,0,0,20230127,20230216
IDFM:TN:15587,1,0,0,0,0,0,0,20230123,20230123
IDFM:TN:15590,0,1,1,1,0,0,0,20230207,20230209
IDFM:TN:15724,1,0,0,0,0,0,1,20230122,20230130
IDFM:TN:16363,1,1,1,1,0,0,0,20230206,20230216
IDFM:TN:16391,1,1,1,1,0,0,0,20230123,20230202
IDFM:TN:16657,1,0,0,0,0,0,1,20230122,20230206
IDFM:TN:17110,0,0,0,0,1,0,0,20230127,20230203
IDFM:TN:17111,1,1,1,1,0,0,0,20230206,20230216
IDFM:TN:17122,1,1,1,0,0,0,0,20230123,20230201
IDFM:TN:17618,1,1,1,1,1,1,0,20230120,20230216
IDFM:TN:17628,0,0,0,0,1,0,0,20230120,20230210
IDFM:TN:17635,0,0,0,0,0,0,1,20230122,20230212
IDFM:TN:17672,1,1,1,1,1,0,0,20230120,20230216
IDFM:TN:17685,1,0,0,0,0,0,0,20230123,20230213
IDFM:TN:17709,0,0,0,0,1,0,1,20230120,20230212
IDFM:TN:17714,0,0,0,0,0,1,0,20230121,20230211
IDFM:TN:17747,1,1,1,1,1,0,1,20230120,20230216
IDFM:TN:17796,1,0,0,0,0,0,0,20230123,20230213
IDFM:TN:17798,0,1,1,1,1,0,0,20230120,20230216
IDFM:TN:17802,0,1,1,1,1,1,0,20230120,20230216
IDFM:TN:17819,1,1,1,1,1,1,1,20230120,20230216
IDFM:TN:17823,1,1,1,1,1,1,1,20230120,20230216
IDFM:TN:17824,0,0,0,0,0,1,0,20230121,20230211
IDFM:TN:17827,0,0,0,0,0,1,1,20230121,20230212
IDFM:TN:17846,1,1,1,1,1,1,1,20230120,20230205
IDFM:TN:17847,1,1,1,1,1,1,0,20230120,20230204
IDFM:TN:17848,1,1,1,1,1,1,1,20230120,20230216
IDFM:TN:17850,0,0,0,0,0,1,1,20230121,20230205
IDFM:TN:17852,1,1,1,1,0,0,0,20230206,20230216
IDFM:TN:17861,1,0,0,1,1,0,0,20230120,20230216
IDFM:TN:17867,0,1,1,0,0,0,0,20230214,20230215
IDFM:TN:17881,0,0,0,0,0,1,0,20230120,20230216
IDFM:TN:17882,1,1,1,1,1,0,0,20230120,20230216
IDFM:TN:17896,0,0,0,0,0,1,1,20230120,20230216
IDFM:TN:17897,0,0,0,0,0,1,1,20230120,20230216
IDFM:TN:17900,1,0,0,0,0,0,0,20230213,20230213
IDFM:TN:17909,0,0,0,0,0,1,1,20230120,20230212
IDFM:TN:17912,1,1,1,1,1,0,1,20230120,20230216
IDFM:TN:17913,0,0,0,0,0,1,1,20230121,20230212
IDFM:TN:17914,1,0,0,0,0,0,0,20230123,20230216
IDFM:TN:17915,0,1,1,1,1,0,0,20230124,20230127
IDFM:TN:17916,0,0,0,0,1,0,0,20230130,20230210
IDFM:TN:17917,0,1,1,0,0,0,0,20230131,20230209
IDFM:TN:17921,0,0,0,0,0,1,1,20230120,20230216
IDFM:TN:17948,1,0,1,1,1,0,0,20230130,20230210
IDFM:TN:17950,0,1,0,0,0,0,0,20230131,20230207
IDFM:TN:17994,1,1,1,1,1,1,0,20230120,20230216
IDFM:TN:18002,0,1,1,0,0,0,0,20230124,20230125
IDFM:TN:18012,1,1,1,0,1,0,0,20230130,20230210
IDFM:TN:18014,0,0,0,1,0,0,0,20230209,20230209
IDFM:TN:18173,1,1,1,1,1,0,0,20230120,20230203
IDFM:TN:18188,0,0,1,1,0,0,0,20230201,20230202
IDFM:TN:18221,0,0,0,0,0,0,1,20230122,20230212
IDFM:TN:18242,0,0,0,0,0,0,1,20230129,20230212
IDFM:TN:18347,0,0,0,0,0,1,0,20230204,20230204
IDFM:TN:18488,1,0,0,0,0,0,1,20230122,20230213
IDFM:TN:18541,1,0,0,1,0,0,0,20230123,20230216
IDFM:TN:20822,0,0,0,0,1,1,0,20230120,20230128
IDFM:TN:21523,1,0,0,0,0,0,0,20230123,20230206
IDFM:TN:22627,0,1,1,1,0,0,0,20230207,20230216
IDFM:TN:23038,0,0,0,0,0,1,0,20230120,20230213
IDFM:TN:23045,0,0,0,0,0,1,0,20230121,20230214
IDFM:TN:23071,0,0,0,0,1,0,0,20230120,20230213
IDFM:TN:23109,0,0,1,1,0,0,0,20230124,20230216
IDFM:TN:23115,0,1,0,1,0,0,0,20230124,20230216
IDFM:TN:23116,0,0,1,0,0,0,0,20230201,20230215
IDFM:TN:23117,0,0,0,1,0,0,0,20230202,20230202
IDFM:TN:24077,1,1,1,1,1,1,0,20230120,20230213
IDFM:TN:24202,1,1,1,1,1,0,1,20230120,20230212
IDFM:TN:24601,1,1,1,1,0,1,0,20230121,20230216
IDFM:TN:24608,1,1,1,1,0,0,1,20230122,20230216
IDFM:TN:08f8a335-1a99-368f-8442-c9550cabe6d9,0,0,0,0,1,0,0,20230127,20230210
IDFM:TN:abe1e5a8-76a4-346d-a9de-cd9888f4574b,0,0,0,1,0,0,0,20230126,20230202
IDFM:TN:036cdfb0-f64e-35ef-a4ad-ffb9619ca181,1,1,1,1,1,0,0,20230122,20230216
IDFM:TN:0688bb94-d206-30f7-a42c-68e59e96debf,0,1,1,1,1,1,0,20230122,20230216
IDFM:TN:63f6029c-5bde-31a8-9670-104f63ca0112,1,1,1,1,1,1,1,20230122,20230216
IDFM:TN:e15a4451-a61d-3d6b-aec1-326e042b0c18,1,1,1,1,1,0,0,20230123,20230216
IDFM:TN:0dc2e504-8a48-3662-b871-6d0bdfe3f674,1,1,1,1,1,1,1,20230122,20230216
IDFM:TN:02d212d9-1847-350c-a2a2-d6c44ccd760a,0,0,0,0,0,1,0,20230128,20230211
IDFM:TN:00020d1a-fb62-3fa1-9f7d-f927314430bf,0,0,0,0,0,1,1,20230122,20230212
IDFM:TN:0ee401a5-6db9-3653-bb5e-b31f016f1140,0,1,1,1,1,0,0,20230124,20230216
IDFM:TN:088db00b-42ab-390a-89ec-ad98c69edb51,0,0,0,0,0,0,1,20230122,20230212
IDFM:TN:14565eac-62e2-306f-8dad-6cda5d1163d0,0,0,0,0,0,1,1,20230122,20230212
IDFM:TN:05fb6b1f-de8f-34a5-b976-5d3c2b2bb571,0,0,0,0,0,0,1,20230122,20230212
IDFM:TN:00412090-6f9d-3f1f-b241-9885a864fb89,0,0,0,0,0,0,1,20230122,20230122
IDFM:TN:00af1c5e-d1b1-37d2-b2e1-cfb9395a4d22,1,1,1,1,1,0,0,20230123,20230216
IDFM:TN:903b4415-4015-3b12-8178-ef3cae5e9f69,1,1,1,1,0,0,0,20230123,20230216
IDFM:TN:8ca289d6-e698-3ffd-878c-011f62d53245,0,0,0,0,0,0,1,20230128,20230212
IDFM:TN:5481e6f0-c679-3b20-9a56-7f7b08a0756f,0,0,0,0,0,0,1,20230122,20230211
IDFM:TN:00cda2bf-2ee9-3e91-969b-19fd97569910,0,0,0,0,0,0,1,20230122,20230129
IDFM:TN:00254e49-edde-38fa-a4d0-6c3391832ae1,1,1,1,1,1,0,0,20230123,20230216
IDFM:TN:4b29bf07-95e2-3818-8f72-549b0fbae436,1,1,1,1,1,0,0,20230123,20230216
IDFM:TN:254f720d-110c-3c3a-8f86-270840a0be20,1,1,1,1,1,0,1,20230122,20230216
IDFM:TN:8d7d022f-b240-3f93-accd-f1ea74e16f3b,1,1,0,1,1,0,0,20230123,20230216
IDFM:TN:00d00d26-39ca-3d01-8253-e030589e5ba0,0,0,0,0,0,1,1,20230122,20230211
IDFM:TN:8e366aed-e729-3450-a082-599a32d0030d,1,0,0,0,0,0,0,20230123,20230213
IDFM:TN:022cb298-b5ab-3562-a36e-fb18f388a8b7,1,1,1,1,1,1,0,20230123,20230216
IDFM:TN:00cdde04-a985-33b8-93d6-cca49ec0e85e,0,0,0,0,0,0,1,20230122,20230212
IDFM:TN:1d704436-ca5e-329c-880b-018ac594d979,1,0,0,1,1,0,0,20230123,20230216
IDFM:TN:3d426776-9be9-3f35-a905-4a77d0938e42,1,1,1,1,1,0,0,20230123,20230216
IDFM:TN:54440d11-e3fa-3064-8daa-3a8ea3ef68d3,1,1,0,1,1,0,1,20230122,20230216
IDFM:TN:27d85d85-6795-33c5-9437-2fd71188670a,1,0,0,1,1,0,0,20230123,20230216
IDFM:TN:99fe1f43-47d9-36ba-bed2-0deb95972251,1,0,0,1,1,0,1,20230122,20230216
IDFM:TN:bf95e80f-6aaf-3020-a3ab-b998e8afc6e5,1,1,0,1,1,0,1,20230122,20230216
IDFM:TN:08d6f494-9724-3edd-98ce-81b4ac4d0857,1,1,1,1,1,0,1,20230122,20230216
IDFM:TN:dd54baab-a1a9-37ab-a85a-eaf5e61f14f5,1,1,1,1,1,1,0,20230123,20230216
IDFM:TN:5b3010fb-3f6c-38f1-a0fa-92defc51aabd,1,1,1,1,1,0,1,20230122,20230216
IDFM:TN:39d4ef6f-7682-3dd2-9841-66954eaca362,0,0,0,0,0,1,1,20230128,20230211
IDFM:TN:439954e0-3477-39f3-8ed4-b2fda177c54d,1,0,0,0,0,1,1,20230122,20230216
IDFM:TN:da63c736-8c34-3056-9bbc-aa967d9d7741,1,1,1,1,0,0,0,20230123,20230216
IDFM:TN:3bd068bf-c6c9-3bd7-9ac2-e35cf9c7e441,0,0,0,0,0,1,1,20230122,20230216
IDFM:TN:337d1ce8-b0bb-3faa-85b7-2fe716faa1c6,1,1,1,1,0,1,1,20230122,20230216
IDFM:TN:939b3378-6f73-3479-b870-0ef74945fb52,1,0,0,1,1,0,1,20230122,20230216
IDFM:TN:b144deda-f9ec-389a-9f33-4fcf53a7674f,1,1,0,1,1,0,1,20230122,20230216
IDFM:TN:7d186ba0-d4fd-33c9-9ff2-3650d2a06437,0,0,0,0,0,1,1,20230122,20230211
IDFM:TN:4d76a06d-7099-3b75-ab35-fdf678f364e1,0,0,0,0,0,1,0,20230128,20230212
IDFM:TN:d4b3e657-8430-3177-87e5-d1c9a24d3b11,1,0,0,1,1,1,0,20230123,20230216
IDFM:TN:5cab3a6a-a486-3dae-9288-14225c9d0619,1,0,0,1,1,1,1,20230122,20230216
IDFM:TN:d6dbbd68-df5a-31f5-a026-59892312b9b8,1,1,0,1,1,1,1,20230122,20230216
IDFM:TN:5dcf2bc6-b816-33f5-9dbb-dae4adecd16f,1,1,1,1,1,0,0,20230123,20230216
IDFM:TN:6563999a-8881-365a-bc50-2b74152c6dc2,0,1,1,1,1,0,0,20230124,20230203
IDFM:TN:835e9296-618e-375c-b95e-25a0ea4b6a03,0,1,1,1,1,1,0,20230124,20230204
IDFM:TN:55dff288-6ac2-38c8-9c50-fa19e2183621,1,1,1,1,1,0,0,20230123,20230211
IDFM:TN:2a2676c9-95de-3a22-81ba-f7c8c4b5d81d,1,1,1,1,1,0,0,20230123,20230211
IDFM:TN:0d30746d-1b34-3b12-a2d3-57d69b83db89,0,1,1,1,1,1,0,20230124,20230128
IDFM:TN:5b67f643-1ebc-3c79-8fe9-2821fa94a094,0,1,1,1,1,1,0,20230122,20230216
IDFM:TN:3d838984-e9b4-3400-a661-5e50b7caa024,1,1,1,1,1,0,0,20230123,20230216
IDFM:TN:035ed347-d01a-37fa-bf09-68df4d671e7f,0,0,0,0,0,1,0,20230128,20230128
IDFM:TN:585dfec5-9ca2-3eee-8597-bb6ad1f33531,0,1,1,1,1,1,0,20230124,20230216
IDFM:TN:33de6e9e-6772-3cf7-ad4c-a1c71a5b1af5,1,1,1,1,1,0,1,20230122,20230216
IDFM:TN:04968bf9-53a2-33fa-a9db-78ec869fc658,0,1,1,1,1,1,0,20230124,20230216
IDFM:TN:03cbde2d-1b66-3840-81b8-777005b6b0d5,0,0,0,0,0,1,0,20230128,20230204
IDFM:TN:7fe6a2c3-298b-3de1-a97e-6ca65af384c5,1,1,1,1,1,0,0,20230123,20230216
IDFM:TN:118f1a83-e591-3877-af91-435680901521,1,1,1,1,1,0,0,20230123,20230216
IDFM:TN:008dda04-3ab3-37f1-8351-8e80ca6f069b,1,1,1,1,1,0,1,20230122,20230216
IDFM:TN:1c42a6b8-37c3-395e-9ca9-bb9af5a825ac,1,1,1,1,1,1,1,20230123,20230216
IDFM:TN:060c8476-e7ff-3539-be79-853f5986343e,1,1,1,1,1,1,1,20230130,20230216
IDFM:TN:1934006f-3ed2-3004-bba0-fcaa629b1ea6,1,1,1,1,1,1,1,20230128,20230212
IDFM:TN:27306143-14a7-34dc-9814-cbaad3158e9b,1,1,1,1,0,1,1,20230128,20230216
IDFM:TN:016b09b7-d61e-3708-880a-5cbcf4cfd657,1,1,1,1,1,0,1,20230122,20230216
IDFM:TN:f630a848-cf62-3452-b184-492692c1c196,1,1,1,0,0,0,0,20230130,20230201
IDFM:TN:05a7f71a-767a-370c-b35d-e6e182909451,1,1,1,1,1,0,1,20230122,20230216
IDFM:TN:00486481-9cdd-357b-9273-a37e3832e371,1,1,1,1,1,1,1,20230123,20230216
IDFM:TN:741549fd-45db-3d76-968e-23e53d7ca333,1,1,1,1,0,1,1,20230123,20230216
IDFM:TN:08269a6b-a69e-3569-a47f-9ce3d47e6d59,1,1,1,1,1,0,0,20230130,20230210
IDFM:TN:2568f61c-8f1f-32c8-9a13-220dfed51329,1,1,1,1,1,0,0,20230123,20230216
IDFM:TN:73f9bd7c-b749-3689-bd08-0d0d5aff6be9,1,1,1,1,1,0,0,20230123,20230216
IDFM:TN:d3ca70fd-0df3-33bf-96cb-2404282ffabb,1,1,1,1,1,0,0,20230123,20230216
IDFM:TN:f5f2eeed-dfba-3c11-b700-827ae44984c9,1,0,1,1,1,0,0,20230123,20230216
IDFM:TN:2c976d03-30ce-346f-a5fa-90d5cbb483cb,1,1,1,1,1,0,0,20230123,20230216
IDFM:TN:5fe0ae3c-b6a3-3046-b566-6dfd8eb0794e,1,1,1,1,1,0,0,20230122,20230216
IDFM:TN:173d5b4f-2e3c-3935-b473-c0713a3f39c9,1,1,1,1,1,0,1,20230122,20230216
IDFM:TN:9b5d7ab5-6d79-31bf-8fc4-a3f9c289a934,0,1,0,0,0,0,0,20230131,20230214
IDFM:TN:ee7445f0-3c0c-3895-9272-0110e27f1890,0,0,0,0,0,0,1,20230122,20230212
IDFM:TN:371b4165-bb3d-3a1b-b83f-74b73ea7ad82,0,0,0,0,0,1,1,20230122,20230215
IDFM:TN:2816cde4-4f02-3c3d-8ef8-0ea209e37f18,1,1,1,1,1,1,0,20230130,20230211
IDFM:TN:a3ea0ad8-bbf2-3452-b62d-6ec7b88904f5,1,1,1,1,1,1,1,20230130,20230212
IDFM:TN:575ddcf9-b491-374c-b924-3bfa0fb18e05,1,1,1,1,1,1,1,20230122,20230212
IDFM:TN:80920210-aefb-3f93-95a1-b9b2e22a746a,1,1,1,0,0,0,1,20230122,20230201
IDFM:TN:71b37dba-0dc7-3cb3-bdc5-ddd1224db52a,1,1,1,0,0,0,0,20230123,20230201
IDFM:TN:a3816ac3-6170-3766-9591-df473e1994fd,1,1,1,1,0,0,0,20230123,20230216
IDFM:TN:83062efa-a11c-3dfe-8f35-b148bc50fc9a,1,1,1,1,0,0,0,20230123,20230216
IDFM:TN:442fc2fe-a5f1-3d80-b0e7-6f86dd83ed15,1,1,1,1,1,0,1,20230122,20230216
IDFM:TN:7384411b-5f3d-3fc9-87c8-7c2e01d5b506,1,1,1,1,1,0,1,20230122,20230216
IDFM:TN:ddeed842-610c-36ab-8d0b-1f6dd81bfa17,1,1,1,1,1,0,1,20230122,20230216
IDFM:TN:a7cf4dd3-3f2c-3c35-a27c-b9a8b71ae7c1,1,1,1,1,1,0,0,20230130,20230214
IDFM:TN:1b2fe725-9c07-3e03-8a30-69260e4d0fd3,1,1,1,0,0,0,1,20230122,20230205
IDFM:TN:74b0058c-8eb1-3ce6-bbe9-5f8a58c1294c,0,0,0,0,0,0,1,20230122,20230212
IDFM:TN:1d7ddf64-ada5-3fcc-bf09-293cfd3ab808,1,1,1,1,1,0,1,20230122,20230216
IDFM:TN:4fc295af-bafd-3f6c-9b76-d6545573d47e,1,1,1,1,1,0,0,20230123,20230216
IDFM:TN:fa22ca7b-cef2-356c-b6b1-9d4ce7721f11,0,0,0,0,0,0,1,20230122,20230212
IDFM:TN:0b582094-e884-3164-b9f0-b5f527247469,0,0,0,0,0,1,1,20230122,20230212
IDFM:TN:0e3941fb-acc7-331b-8d1f-17f12d4a2a53,1,1,1,1,0,1,1,20230122,20230216
IDFM:TN:f0b6041c-0e20-3bbf-87f6-bfbc6ea6bca6,1,1,1,1,1,0,0,20230123,20230210
IDFM:TN:880af307-139e-3fea-8da6-148ce2fbde9a,0,1,1,1,1,0,0,20230124,20230216
IDFM:TN:45c86f3d-e9d5-3b93-88ae-0a8ca189e9e9,0,0,0,0,0,0,1,20230122,20230212
IDFM:TN:0037b3d2-79dd-3001-97c4-57d63e38c46f,1,1,1,1,1,1,1,20230122,20230216
IDFM:TN:13862a7e-7431-3d6a-9226-99d4daf36e8c,1,1,1,1,1,0,1,20230122,20230216
IDFM:TN:0de59d91-6cde-39f1-8a12-e4f6b1e05612,1,1,1,1,1,0,0,20230123,20230203
IDFM:TN:0cb76da6-e273-3df2-83fe-e3a216144fa6,0,0,0,0,0,0,1,20230122,20230212
IDFM:TN:8223d0e6-54c3-3c91-acb7-fb49d5bfcc18,1,1,1,1,1,0,0,20230123,20230216
IDFM:TN:b7ad3150-edbb-3e4d-8c33-905795ab345e,1,1,1,1,1,0,1,20230122,20230216
IDFM:TN:0a8d2d78-5a06-3283-8848-1914bdca1479,1,1,1,1,1,0,0,20230123,20230216
IDFM:TN:900d94fa-88b6-3064-95ca-fcb2fdc5817d,1,1,1,1,1,0,0,20230123,20230216
IDFM:TN:23e7b8ec-8f63-389c-9450-4023cd592c40,0,0,0,0,0,1,1,20230122,20230216
IDFM:TN:99480c2a-1d8b-3a69-8963-0ef506eda676,0,0,0,0,1,0,1,20230122,20230212
IDFM:TN:24d0e421-d0f7-3982-9bb8-fe2fc15399df,1,1,1,1,1,1,1,20230124,20230210
IDFM:TN:3afe0167-2b9f-3703-a60f-2819c8040443,1,1,1,1,1,0,1,20230122,20230216
IDFM:TN:43e6a52f-bf29-39ff-94a9-674f5f714dee,1,1,1,1,1,1,1,20230122,20230216
IDFM:TN:eeae3890-c4d2-3b64-935d-3f0a3957a9b5,1,1,1,1,1,1,1,20230122,20230216
IDFM:TN:303dcaac-0d6c-3f8e-ad82-a78ac6e6a9a5,1,1,1,1,0,1,1,20230122,20230216
IDFM:TN:00504af6-e7e6-326b-9036-6518871c7b8f,1,1,1,1,1,0,1,20230122,20230216
IDFM:TN:682c9f30-1665-31e8-aedc-4211bc3ee435,1,1,1,1,1,1,1,20230122,20230212
IDFM:TN:8aeb4369-a238-34d7-8e03-abc53aa646f1,1,1,1,1,1,0,1,20230122,20230216
IDFM:TN:5b3a2ac2-e939-3068-a99b-84f2f1301229,0,0,0,0,0,1,1,20230122,20230212
IDFM:TN:0f122f47-1b79-3931-a5e0-421da20feeab,1,1,1,1,1,1,1,20230122,20230205
IDFM:TN:03ca2c4f-f642-33d3-a3f8-651ae3581863,1,1,1,1,1,0,0,20230123,20230127
IDFM:TN:00e2c114-397d-3018-9aca-28767dc951cd,0,0,0,0,0,1,1,20230122,20230205
IDFM:TN:011d4214-aab9-36dd-8c48-21b2499f37c4,0,0,0,0,0,1,1,20230122,20230212
IDFM:TN:0679b885-733e-3770-b627-ea4be6ef38b9,1,1,1,1,0,0,0,20230123,20230216
IDFM:TN:0b8ab409-9fb2-3649-84cf-8aa9a4e3f9af,0,1,1,1,1,1,0,20230124,20230211
IDFM:TN:0228fcdd-a739-3be1-b09b-0f181e94faf9,0,0,0,0,0,1,0,20230204,20230211
IDFM:TN:02217a32-0e64-3fc1-b5ec-858014103072,1,1,1,1,1,0,0,20230123,20230216
IDFM:TN:001c74e3-c28d-38c7-950d-cd709c1013b9,1,1,1,1,1,1,0,20230130,20230216
IDFM:TN:779a392b-dee9-3098-a3b3-5b6241da8007,1,1,1,1,0,0,1,20230122,20230216
IDFM:TN:45c0a5ef-972f-3522-b8c6-f52cda49cb7b,1,1,1,1,1,1,0,20230123,20230128
IDFM:TN:1014dd2c-1787-3c54-84e3-1848fe861370,1,1,1,1,1,1,1,20230123,20230129
IDFM:TN:8592f926-7c01-3a80-b6cd-0044fb145012,0,0,0,0,0,1,0,20230204,20230216
IDFM:TN:ac13912e-6207-340c-9162-e51331b41132,0,0,0,0,0,0,1,20230122,20230216
IDFM:TN:0046414a-3583-3a0f-9f90-856f2c364ddd,1,1,1,1,1,0,0,20230123,20230216
IDFM:TN:0898c1a7-2238-38de-840c-5eb6ce896b4f,0,0,0,0,0,0,1,20230122,20230212
IDFM:TN:20e4e1d4-bc26-3707-9f40-96986c5b4e4d,1,1,1,1,1,0,0,20230122,20230216
IDFM:TN:23ee108b-5a64-34e5-889b-2ccafc89a5a3,0,0,0,0,0,1,1,20230122,20230212
IDFM:TN:09565355-cfb9-3320-ab0c-bc48e4f00353,0,0,0,0,0,1,1,20230122,20230216
IDFM:TN:1cc3cddb-d8e9-38f7-91cc-8ff27297cebe,1,1,1,1,1,0,0,20230123,20230216
IDFM:TN:07f716b9-1b5a-3e82-9275-a931edc0cdc4,1,1,1,1,1,0,0,20230123,20230210
IDFM:TN:14185cc7-d151-3f23-8529-ae306cfb6fc7,1,1,1,1,1,0,0,20230123,20230216
IDFM:TN:0081804e-cab6-3cde-9a74-0d2e134c38eb,0,0,0,0,0,0,1,20230122,20230205
IDFM:TN:96d70c65-ecd4-3f7e-be52-b4dec7658f48,1,1,1,1,0,0,0,20230123,20230216
IDFM:TN:07967cfc-bd12-3b7b-9752-4f3959052d59,0,0,0,0,0,1,1,20230122,20230212
IDFM:TN:06e39aed-2121-3b9b-aae6-79e4d6ff287d,0,0,0,0,0,0,1,20230122,20230205
IDFM:TN:07fe3b1a-11c3-3274-99ea-97e600d54fb7,1,1,1,1,1,0,0,20230122,20230216
IDFM:TN:25575,0,0,0,0,1,0,0,20230120,20230120
IDFM:TN:25590,0,0,0,0,1,1,0,20230120,20230121
